128663614
128663511
128663482
128663593
128663464
128663552
128663507
128663566
128663584
128663467
128663559
128663585
128663607
128663613
128663498
128663558
128663622
128663594
128663633
128663534
128663581
128663496
128663474
128663497
128663631
128663512
128663472
128663550
128663469
128663578
128663610
128663548
128663628
128663492
128663627
128663523
128663525
128663583
128663540
128663602
128663596
128663555
128663629
128663463
128663582
128663521
128663597
128663503
128663618
128663494
128663605
128663606
128663568
128663564
128663574
128663509
128663591
128663557
128663478
128663466
128663608
128663490
128663513
128663595
128663531
128663609
128663529
128663600
128663522
128663547
128663501
128663624
128663491
128663588
128663567
128663480
128663580
128663612
128663493
128663556
128663554
128663575
128663549
128663486
128663562
128663634
128663481
128663461
128663506
128663476
128663510
128663515
128663611
128663465
128663477
128663508
128663475
128663517
128663495
128663489
128663483
128663586
128663537
128663560
128663499
128663545
128663505
128663533
128663621
128663569
128663573
128663626
128663462
128663561
128663484
128663579
128663563
128663601
128663635
128663538
128663630
128663539
128663532
128663479
128663527
128663530
128663485
128663576
128663514
128663504
128663599
128663468
128663589
128663571
128663542
128663619
128663620
128663572
128663546
128663500
128663471
128663636
128663603
128663604
128663592
128663543
128663520
128663553
128663518
128663536
128663587
128663516
128663528
128663565
128663570
128663470
128663488
128663615
128663544
128663526
128663535
128663519
128663598
128663590
128663551
128663632
128663487
128663541
128663524
128663502
128663473
128663623
128663577
128663625
128663616
128663617
